0.11414
0.12828
0.14243
0.15657
0.17071
0.18485
0.19899
0.21314
0.22728
0.24142
0.25556
0.26971
0.28385
0.29799
0.31213
0.32627
0.34042
0.35456
0.3687
0.38284
0.39698
0.41113
0.42527
0.43941
0.45355
0.4677
0.48184
0.49598
0.51012
0.52426
0.53841
0.55255
0.56669
0.58083
0.59497
0.60912
0.62326
0.6374
0.65154
0.66569
0.67983
0.69397
0.70811
0.72225
0.7364
0.75054
0.76468
0.77882
0.79296
0.80711
0.82125
0.83539
0.84953
0.86368
0.87782
0.89196
0.9061
0.92024
0.93439
0.94853
0.96267
0.97681
0.99095
1.0051
1.0192
1.0334
1.0475
1.0617
1.0758
1.0899
1.1041
1.1182
1.1324
1.1465
1.1607
1.1748
1.1889
1.2031
1.2172
1.2314
1.2455
1.2597
1.2738
1.2879
1.3021
1.3162
1.3304
1.3445
1.3587
1.3728
1.3869
1.4011
1.4152
1.4294
1.4435
1.4576
1.4718
1.4859
1.5001
1.5142
1.5284
1.5425
1.5566
1.5708
1.5849
1.5991
1.6132
1.6274
1.6415
1.6556
1.6698
1.6839
1.6981
1.7122
1.7263
1.7405
1.7546
1.7688
1.7829
1.7971
1.8112
1.8253
1.8395
1.8536
1.8678
1.8819
1.8961
1.9102
1.9243
1.9385
1.9526
1.9668
1.9809
1.995
2.0092
2.0233
2.0375
2.0516
2.0658
2.0799
2.094
2.1082
2.1223
2.1365
2.1506
2.1648
2.1789
2.193
2.2072
2.2213
2.2355
2.2496
2.2637
2.2779
2.292
2.3062
2.3203
2.3345
2.3486
2.3627
2.3769
2.391
2.4052
2.4193
2.4335
2.4476
2.4617
2.4759
2.49
2.5042
2.5183
2.5324
2.5466
2.5607
2.5749
2.589
2.6032
2.6173
2.6314
2.6456
2.6597
2.6739
2.688
2.7022
2.7163
2.7304
2.7446
2.7587
2.7729
2.787
2.8011
2.8153
2.8294
2.8436
2.8577
2.8719
2.886
2.9001
2.9143
2.9284
2.9426
