0.10141
0.10566
0.11273
0.12263
0.13536
0.15091
0.1693
0.19051
0.21455
0.24142
0.27112
0.30365
0.339
0.37719
0.4182
0.46204
0.50871
0.55821
0.61053
0.66569
0.72367
0.78448
0.84812
0.91459
0.98388
1.056
1.131
1.2087
1.2894
1.3728
1.4591
1.5482
1.6401
1.7348
1.8324
1.9328
2.0361
2.1421
2.251
2.3627
2.4773
2.5947
2.7149
2.8379
2.9638
3.0925
3.224
3.3583
3.4955
3.6355
3.7784
3.924
4.0725
4.2238
4.378
4.535
4.6948
4.8574
5.0229
5.1912
5.3623
5.5362
5.713
5.8926
6.0751
6.2603
6.4484
6.6393
6.8331
7.0296
7.2291
7.4313
7.6363
7.8442
8.055
8.2685
8.4849
8.7041
8.9261
9.151
9.3787
9.6092
9.8425
10.079
10.318
10.56
10.804
11.052
11.302
11.555
11.811
12.07
12.332
12.596
12.863
13.133
13.406
13.682
13.961
14.242
14.526
14.813
15.103
15.396
15.692
15.99
16.291
16.595
16.902
17.212
17.525
17.84
18.158
18.479
18.803
19.13
19.459
19.792
20.127
20.465
20.806
21.149
21.496
21.845
22.197
22.552
22.91
23.27
23.634
24
24.369
24.741
25.116
25.494
25.874
26.257
26.643
27.032
27.424
27.819
28.216
28.616
29.019
29.425
29.834
30.245
30.66
31.077
31.497
31.92
32.345
32.774
33.205
33.639
34.076
34.516
34.959
35.404
35.853
36.304
36.758
37.215
37.674
38.137
38.602
39.07
39.541
40.015
40.491
40.971
41.453
41.938
42.426
42.917
43.41
43.907
44.406
44.908
45.413
45.921
46.431
46.944
47.461
47.98
48.501
49.026
49.554
50.084
50.617
51.153
51.692
52.234
52.778
53.325
53.875
54.428
54.984
55.543
56.104
56.669
57.236
